1	2	4	5	6	7	8	9	10	11	12	13	14	15	16	17	18	19	20	21	22	23	24	25	26	27	28	29	30	31	32	33	34	35	36	37	38	39	3
9.678973622	9.643623246	9.984357198	10.18803512	9.974561161	9.817172262	9.711300956	10.00688288	9.831646389	9.836926672	9.916982969	9.695040385	9.747586568	9.786902746	9.938785023	9.546848297	9.877391073	9.753027174	9.850039482	10.02443239	10.00636715	9.708400938	9.751609802	9.756118351	9.886301253	9.814118067	9.926845233	9.931006961	9.673460537	9.702802976	9.737283919	9.896063487	9.678585158	9.821148766	9.957432535	9.65476354	9.882993592	9.913661109	10.07655864
89.34444512	89.8777771	82.62222205	103.4777764	90.05555513	84.36666658	86.07777786	89.83333249	81.08888838	90.65555615	87.78888872	71.48888991	90.0666665	91.89999898	96.28888872	88.92222214	84.46666675	85.5888888	89.48888906	93.24444538	83.39999941	87.48888736	71.44444402	88.90000068	84.55555513	90.47777812	89.17777803	90.22222307	76.61111196	88.54444461	85.17777846	92.47777854	89.4333335	88.02222273	74.78888914	92.58888753	95.15555784	81.00000042	89.42222341
0.174801901	0.164611373	0.173703247	0.163659688	0.178224497	0.176944127	0.152016721	0.17028118	0.175089656	0.169908937	0.170582652	0.17540008	0.181948922	0.16571967	0.172464155	0.181491156	0.166553891	0.16537521	0.168586676	0.162917763	0.169238773	0.174311015	0.179371097	0.180801443	0.169848301	0.168725929	0.164436671	0.175420049	0.184413918	0.173589869	0.171025995	0.177760008	0.187830499	0.177342362	0.177402943	0.164830512	0.174546391	0.174207053	0.173532382
18.95999985	18.52000008	25.08000031	20.7	26.08000031	21.75999985	22.22000008	24.74000015	21.97999992	23.23999977	19.94000015	18.94000015	23.87999992	22.44000015	23.12000008	21.14000015	23.88000069	27.87999992	24.71999969	37	34.95999985	27.97999992	19.92000008	23.5	24.02000008	18.13999977	25.07999992	25.54000015	22.9	21.26000023	20.57999992	28.57999992	13.33999996	27.05999985	22.99999962	19.80000038	32.04000015	24.97999992	24.28000031
112.0999985	121.5	94.59999847	104.8000031	137.1000061	124.0999985	84.5	107.5999985	134	100.1999969	103.1999969	173.1999969	110.9000015	125	94.09999847	109	127.4000015	87.09999847	92.90000153	141.8999939	180.3999939	77.69999695	146	87.09999847	122.4000015	103.5999985	107.5999985	138	124.4000015	91.90000153	125.3000031	96.5	55	128.6999969	129.5	109.0999985	102.5999985	114.3000031	90.09999847
123.1999969	131.8000031	131	118	150.5	134	115.1999969	135.1999969	146.8999939	124.5999985	127.0999985	215.3000031	143.8000031	141.1999969	117.6999969	127	142.1000061	122	116.3000031	177.6999969	247.8000031	102.6999969	187.8000031	123.6999969	133.5	141.6000061	124	149.3000031	138.3000031	114.6999969	130.3999939	129.6999969	74.80000305	161.6000061	148.8999939	122.3000031	117.5999985	158.1000061	120.1999969
111.6999969	114.8000031	131	110.1999969	147.6000061	122.9000015	123.3000031	131.8000031	162.3999939	120.5	123.4000015	223	133.6000061	140.6999969	111.5	116.8000031	135.6000061	123.6999969	114.0999985	205.1999969	269.1000061	103.0999985	226	117.9000015	122.5	132.8999939	114.5999985	154.6999969	130.5	113.5	117.4000015	116	75.80000305	155.5	152.6999969	123.1999969	113.5	160.6999969	127.0999985
89.80000305	100.3000031	124.8000031	120	155	109.9000015	102.4000015	124.8000031	134.6000061	108.5	114	155.8000031	115.9000015	128.5	104.3000031	93.40000153	121.3000031	111.1999969	108.0999985	189.5	265.7000122	90	172.3999939	93.80000305	121.5999985	108.4000015	107.3000031	123.9000015	103.5999985	92.69999695	99.80000305	106.4000015	65.5	122.5999985	124.3000031	114.5	106.4000015	132.1999969	123
95.40000153	104.0999985	125.5	117.5999985	161.1000061	115.6999969	108.5	125.5999985	139.3000031	108.4000015	102.8000031	163.5	119.8000031	133.1999969	116.4000015	105.4000015	127.5999985	115.5999985	108.5999985	190.5	278	92.59999847	187.6000061	98.5	124.5999985	115.4000015	106.3000031	123.1999969	115	96.69999695	106.3000031	108.9000015	67.69999695	124.4000015	128.3999939	111.5	105.4000015	131.6999969	121
101.0999985	103.9000015	134.3000031	110.8000031	156.3000031	117	126.0999985	126.5999985	149.1999969	109.4000015	111	179.3999939	125.3000031	136.5	96.80000305	112.0999985	130	122.1999969	104.9000015	198.6000061	296.2000122	99.30000305	214.1000061	103.8000031	124.4000015	121.6999969	109	134.3999939	118.6999969	103	111.5	108.5999985	71.30000305	138	137	117.5	108.8000031	140	123.5
102.9000015	108	137.8999939	109.3000031	154.6999969	119.8000031	121.8000031	124.4000015	156	110.5999985	115.1999969	201.8999939	126.6999969	138	106.8000031	115	132.1000061	119.9000015	106.5999985	201.5	279	98.90000153	226.5	108.6999969	120.5	124.0999985	110.6999969	142	125.5	103.5	109.6999969	110.4000015	72.69999695	146.8000031	143.1000061	116.5999985	109.5	141.1999969	124.4000015
108.1999969	109.6999969	132.8000031	112.4000015	151.3000031	123.6999969	125.5999985	131.8999939	159.6000061	116.0999985	118.5999985	212.3999939	129.8999939	142.1000061	110.5999985	117.0999985	135.3999939	121.9000015	110.5	204.6999969	269.7999878	100.3000031	227.3000031	110.5	122.0999985	130.5	114.1999969	146.1000061	129.6999969	108.4000015	114.8000031	114.6999969	75.59999847	151.8000031	149.6000061	119.9000015	111.8000031	145.8000031	126.6999969
111.6999969	114.8000031	131	110.1999969	147.6000061	122.9000015	123.3000031	131.8000031	162.3999939	120.5	123.4000015	223	133.6000061	140.6999969	111.5	116.8000031	135.6000061	123.6999969	114.0999985	205.1999969	269.1000061	103.0999985	226	117.9000015	122.5	132.8999939	114.5999985	154.6999969	130.5	113.5	117.4000015	116	75.80000305	155.5	152.6999969	123.1999969	113.5	160.6999969	127.0999985
116.1999969	119.0999985	134.1999969	113.4000015	153	125.9000015	125.0999985	134.3999939	166.6000061	124.4000015	127.6999969	230.8999939	139.6000061	144.8999939	116.6999969	120.9000015	139.5	124.9000015	118.0999985	201.3999939	290.5	102.4000015	230.1999969	125.4000015	124.5999985	138.6000061	118.8000031	150.1999969	136.8000031	116.6999969	121.6999969	121.4000015	77.90000153	171.1000061	158.1000061	129.6999969	115.4000015	161.5	128
117.0999985	122.5999985	132	117.3000031	153.3000031	127.9000015	125	134	173	125.5	127.9000015	229.3999939	140	145.6000061	117.1999969	122.0999985	140.8000031	127	117.6999969	190.8000031	278.7999878	102.4000015	217	122.1999969	127.3000031	140.3999939	120.0999985	148.8000031	137.1999969	115.5999985	124.5999985	124.1999969	78	169.3999939	157.6999969	133.8999939	117.1999969	160.3999939	126.4000015
123	127.3000031	129.1999969	117.5	155.5	130.6000061	122.8000031	136.6999969	150.8999939	127.0999985	127.0999985	224.6999969	142.6999969	143.8999939	118.9000015	124.9000015	141.8000031	127.1999969	117.4000015	187	269.6000061	103.0999985	205.5	121.9000015	131.3000031	143.6000061	122.3000031	146.8000031	140.3999939	116.9000015	127.3000031	126.5999985	79.59999847	162.3999939	155.8999939	131.6000061	116.6999969	160.3000031	126.0999985
121.4000015	126.5	131.5	117.4000015	150.1999969	131	117.5	135.3000031	148.8999939	124.1999969	126.4000015	214.8999939	140.1000061	138.5	118.3000031	123.9000015	140.1999969	120.3000031	116.0999985	183.3000031	254.6000061	101	197.3000031	121.3000031	130.8999939	141.6000061	122.5999985	145.8000031	135.6999969	117.4000015	127.1999969	126.4000015	79.09999847	160.8999939	151.8000031	122.0999985	117.0999985	168.6000061	121.9000015
123.1999969	131.8000031	131	118	150.5	134	115.1999969	135.1999969	146.8999939	124.5999985	127.0999985	215.3000031	143.8000031	141.1999969	117.6999969	127	142.1000061	122	116.3000031	177.6999969	247.8000031	102.6999969	187.8000031	123.6999969	133.5	141.6000061	124	149.3000031	138.3000031	114.6999969	130.3999939	129.6999969	74.80000305	161.6000061	148.8999939	122.3000031	117.5999985	158.1000061	120.1999969
119.5999985	128.6999969	133.8000031	116.4000015	152.6000061	131.6999969	114.0999985	133	148.5	132.8999939	132	209.6999969	144	138.8999939	120.8000031	125.3000031	140.5	121.0999985	117	171.8999939	245.3999939	103	179.3000031	125.6999969	132.8000031	143.6999969	125.1999969	151.1999969	136.1000061	115.6999969	129.1000061	129	77.59999847	163.8000031	149.8999939	120.5	119.9000015	163.1000061	118.5999985
119.0999985	127.4000015	130.5	114.6999969	154.1000061	131.1999969	111.5	130.6999969	147.6999969	116.1999969	130.8999939	210.6000061	143.8999939	139.5	119.4000015	125.8000031	139.6999969	122.4000015	117.0999985	165.1000061	239.8000031	97.5	179	126.8000031	134	147	123.3000031	146.3000031	136	113	131.3999939	131.1999969	73.59999847	162.3000031	147.3999939	119.8000031	115.5999985	157.6999969	115.4000015
116.3000031	128	125.3000031	114.0999985	149.6000061	128.6000061	111.3000031	127.9000015	143	115.5999985	127.5999985	201.1000061	133.6999969	135.3999939	113.1999969	122.3000031	134.1000061	113.6999969	110.8000031	159.1999969	232.8999939	96.30000305	169.8000031	119.5999985	130	140	125.3000031	135.8000031	131.1000061	109.8000031	129	126.4000015	69	153.8000031	144.6999969	115.6999969	106.3000031	141.1999969	110.8000031
113	123.0999985	119.6999969	112.5	144	126.3000031	103.5999985	124	137.8000031	111.1999969	121.6999969	183.1999969	128.8999939	135.5	110.8000031	116.4000015	130	110.0999985	107.6999969	136.6000061	215.1000061	88.90000153	160.6000061	109.4000015	127.0999985	128.1000061	115.3000031	136.8999939	127	105.6999969	125.0999985	117.1999969	66.30000305	144.3000031	136.8000031	111.9000015	105.5999985	128.8999939	104.8000031
114.5	125.8000031	112.4000015	111	144.5	128.8000031	100.6999969	121.5999985	135.3000031	109.4000015	115.6999969	182.3999939	125	127.9000015	113	115.3000031	129.1999969	103.5999985	105.0999985	146.6999969	201.1000061	88	156.3000031	103.1999969	126.6999969	124.1999969	115.8000031	133.3999939	125.4000015	104.4000015	128.6999969	115.9000015	66.5	144.5	134.6000061	109.0999985	107	125.6999969	102.8000031
116.3000031	126	109.9000015	108.5	142.3999939	129	96.69999695	118.1999969	137.6000061	104.0999985	109.4000015	179.8000031	121.1999969	119	104.3000031	113.1999969	128.8000031	97.80000305	103.0999985	142.6000061	195.8999939	88.19999695	154.3999939	99.80000305	126.3000031	119.9000015	113.9000015	136.3000031	126.5999985	97	129	113.6999969	64.40000153	131.1999969	135.8000031	112.0999985	105.4000015	124.8000031	99.69999695
114	122.3000031	102.4000015	109	141	129.3000031	95	109.5	134	101.0999985	105.1999969	171.1999969	116.5	125	108.8000031	110	128.6999969	91.69999695	101.3000031	147.6999969	195.1000061	82.30000305	150.5	92.30000305	124.5999985	113.0999985	110.5999985	124.4000015	126.5999985	95.80000305	130.6000061	105.8000031	67.69999695	128.3000031	133	107.5	106	110.4000015	97.5
112.0999985	121.5	94.59999847	104.8000031	137.1000061	124.0999985	84.5	107.5999985	134	100.1999969	103.1999969	173.1999969	110.9000015	125	94.09999847	109	127.4000015	87.09999847	92.90000153	141.8999939	180.3999939	77.69999695	146	87.09999847	122.4000015	103.5999985	107.5999985	138	124.4000015	91.90000153	125.3000031	96.5	55	128.6999969	129.5	109.0999985	102.5999985	114.3000031	90.09999847
105.5999985	118.3000031	88.80000305	100.5999985	131.6999969	117.0999985	78.40000153	104.5999985	132.5	94.40000153	96.5	171.6000061	103.5999985	122.4000015	92.30000305	108.3000031	122.8000031	86.19999695	93.80000305	137.8999939	172.8999939	74.40000153	139.3000031	84.09999847	118.5999985	97.5	107.0999985	120.8000031	122.4000015	87.40000153	124.6999969	94.5	57	120.9000015	122.5	104	100.3000031	111.4000015	82.40000153
108.5999985	113.0999985	87.40000153	91.5	127.1999969	113.8000031	90.09999847	94.09999847	128.3000031	95.40000153	94.30000305	182.5	101.5	117.5	90.69999695	101.8000031	119.0999985	84.69999695	89.90000153	137.3000031	152.3999939	70.80000305	133.6999969	77.09999847	115.5	88.40000153	101.3000031	101.4000015	118.5999985	88.30000305	121.8000031	85.59999847	53.40000153	124.3000031	118.9000015	104.0999985	94	96.90000153	77.80000305
107.9000015	116.8000031	90.19999695	86.69999695	118.8000031	109.5999985	85.40000153	96.09999847	127.1999969	97.09999847	91.80000305	170.3999939	107.1999969	116.0999985	86.19999695	105.5999985	119.9000015	82.90000153	92.40000153	115.5	144.8000031	69.90000153	132.6999969	85.19999695	113.1999969	87.80000305	102.5	103.5999985	121.5	91.80000305	120.5999985	79.40000153	53.5	120.9000015	109.0999985	100.0999985	95.5	109.0999985	68.69999695
109.0999985	126	88.30000305	83.5	120	109.1999969	85.09999847	94.80000305	128.1999969	95.19999695	90	167.6000061	108.5	114.5	83.80000305	103.9000015	122.3000031	86.59999847	90.59999847	110	143.6999969	71.40000153	128.8999939	74.30000305	112.3000031	86.30000305	96.19999695	100.0999985	112.8000031	93	121	77.19999695	55	126.5	108.1999969	97.90000153	96.19999695	110.8000031	67.5
108.5	113.8000031	88.59999847	79.09999847	123.8000031	109.1999969	86.69999695	94.59999847	126.8000031	92.5	89.90000153	167.6000061	106.1999969	108.5	81.59999847	105.4000015	121.5999985	86	91.09999847	108.0999985	148.8999939	69	129.6999969	83	108.9000015	86.19999695	94.69999695	94.09999847	115.1999969	91.59999847	120.8000031	81.30000305	56.20000076	117.1999969	105.4000015	111	91.19999695	108.4000015	63.40000153
107.0999985	108.8000031	89.09999847	76.59999847	126.0999985	107.8000031	93	85.69999695	128.1999969	93.40000153	89.09999847	170.1000061	105.3000031	101.5999985	83.40000153	106	119.4000015	88.19999695	85.90000153	105.1999969	153.8000031	68.19999695	112.6999969	81	108.5999985	104.8000031	95.40000153	91.90000153	112.1999969	94.80000305	118.8000031	78.80000305	55.79999924	120.3000031	106.1999969	104.1999969	91.80000305	111.1999969	58.59999847
102.5999985	113	85.40000153	79.30000305	127.1999969	100.3000031	78.19999695	84.30000305	135.3999939	93	90.09999847	175.3000031	105.6999969	102.3000031	84.09999847	107.5	124	90.5	88.5	100.9000015	158.5	67	124.9000015	80.59999847	111.6999969	109.5	95.40000153	90.80000305	109.1999969	98.59999847	125.4000015	75.19999695	52	123.1999969	106.6999969	115.1999969	93.5	115	56.40000153
101.4000015	110.6999969	83.09999847	76	128.3000031	102.6999969	73.59999847	81.80000305	135.1000061	94	88.69999695	179	106.8000031	100	81.69999695	106.9000015	124.0999985	87.30000305	86.19999695	99	158	65.69999695	129.6999969	80.80000305	107.5999985	110.8000031	93.30000305	87.5	102.9000015	92.30000305	119.1999969	74.59999847	54	102.5	104.5999985	112.6999969	92.09999847	110.3000031	54.5
104.9000015	108.6999969	81.30000305	75.90000153	124.0999985	100.5999985	75	79.59999847	135.3000031	93.90000153	89.19999695	186.8000031	105.3000031	101.0999985	84.09999847	106.3000031	120.5999985	88.90000153	85.5	95.59999847	174.3999939	61.79999924	125.5999985	77.5	108.5999985	111.8000031	92.90000153	90	124.5	88.80000305	118.9000015	72.59999847	57	97.69999695	108	114.5	91.90000153	108.8000031	53.79999924
106.1999969	109.5	81.19999695	75.5	132.8000031	100.5	78.90000153	80.30000305	135.8999939	94	87.59999847	171.3000031	103.1999969	94.5	83.19999695	107	120.0999985	89.09999847	83.09999847	102.4000015	173.8000031	62.59999847	126	79.09999847	106.4000015	112.1999969	92.09999847	88.69999695	126.9000015	88.30000305	119.6999969	73.19999695	42.29999924	97	105.5999985	114.5999985	88.69999695	102.9000015	52.29999924
100.6999969	104.8000031	79.59999847	73.40000153	139.5	97.09999847	75.09999847	72.19999695	133.3000031	91.69999695	83.30000305	165.3000031	101	85.5	80.69999695	103.9000015	118	82.59999847	86.59999847	103.9000015	171.6999969	59.70000076	113.0999985	74.69999695	104	111.4000015	91.09999847	86.90000153	109.4000015	83.5	115.5999985	67.59999847	43.90000153	94.09999847	102.0999985	112.4000015	84.40000153	104.8000031	47.20000076
96.19999695	99.40000153	73	71.40000153	140.6999969	88.40000153	66.90000153	70	125.5	88.90000153	79.80000305	156.1999969	104.3000031	82.90000153	76	97.19999695	113.8000031	75.5	77.59999847	93.19999695	147.3000031	53.79999924	109	72.5	99.90000153	108.9000015	87.90000153	83.09999847	103.9000015	75.09999847	108.6999969	69.30000305	40.70000076	88.90000153	96.69999695	107.9000015	80.09999847	90.5	41.59999847
